NAME : 93
COMMENT : 30 locations in Western Sahara
COMMENT : Derived from National Imagery and Mapping Agency data
TYPE : TSP
DIMENSION : 93
EDGE_WEIGHT_TYPE : EUC_2D
NODE_COORD_SECTION
1 20833.3333 17100.0000
2 20900.0000 17066.6667
3 21300.0000 13016.6667
4 21600.0000 14150.0000
5 21600.0000 14966.6667
6 21600.0000 16500.0000
7 22183.3333 13133.3333
8 22583.3333 14300.0000
9 22683.3333 12716.6667
10 23616.6667 15866.6667
11 23700.0000 15933.3333
12 23883.3333 14533.3333
13 24166.6667 13250.0000
14 25149.1667 12365.8333
15 26133.3333 14500.0000
16 26150.0000 10550.0000
17 26283.3333 12766.6667
18 26433.3333 13433.3333
19 26550.0000 13850.0000
20 26733.3333 11683.3333
21 27026.1111 13051.9444
22 27096.1111 13415.8333
23 27153.6111 13203.3333
24 27166.6667 9833.3333
25 27233.3333 10450.0000
26 27233.3333 11783.3333
27 27266.6667 10383.3333
28 27433.3333 12400.0000
29 27462.5000 12992.2222
30 27462.5000 12992.2222
31 20833.3333 17100.0000
32 20900.0000 17066.6667
33 21300.0000 13016.6667
34 21600.0000 14150.0000
35 21600.0000 14966.6667
36 21600.0000 16500.0000
37 22183.3333 13133.3333
38 22583.3333 14300.0000
39 22683.3333 12716.6667
40 23616.6667 15866.6667
41 23700.0000 15933.3333
42 23883.3333 14533.3333
43 24166.6667 13250.0000
44 25149.1667 12365.8333
45 26133.3333 14500.0000
46 26150.0000 10550.0000
47 26283.3333 12766.6667
48 26433.3333 13433.3333
49 26550.0000 13850.0000
50 26733.3333 11683.3333
51 27026.1111 13051.9444
52 27096.1111 13415.8333
53 27153.6111 13203.3333
54 27166.6667 9833.3333
55 27233.3333 10450.0000
56 27233.3333 11783.3333
57 27266.6667 10383.3333
58 27433.3333 12400.0000
59 27462.5000 12992.2222
60 27462.5000 12992.2222
61 20833.3333 17100.0000
62 20900.0000 17066.6667
63 21300.0000 13016.6667
64 21600.0000 14150.0000
65 21600.0000 14966.6667
66 21600.0000 16500.0000
67 22183.3333 13133.3333
68 22583.3333 14300.0000
69 22683.3333 12716.6667
70 23616.6667 15866.6667
71 23700.0000 15933.3333
72 23883.3333 14533.3333
73 24166.6667 13250.0000
74 25149.1667 12365.8333
75 26133.3333 14500.0000
76 26150.0000 10550.0000
77 26283.3333 12766.6667
78 26433.3333 13433.3333
79 26550.0000 13850.0000
80 26733.3333 11683.3333
81 27026.1111 13051.9444
82 27096.1111 13415.8333
83 27153.6111 13203.3333
84 27166.6667 9833.3333
85 27233.3333 10450.0000
86 27233.3333 11783.3333
87 27266.6667 10383.3333
88 27433.3333 12400.0000
89 27462.5000 12992.2222
90 27462.5000 12992.2222
91 27462.5000 12992.2222
92 27462.5000 12992.2222
93 27462.5000 12992.2222
